  -475 
  -549 
  -597 
  -622 
  -613 
  -640 
  -569 
  -483 
  -303 
  -136 
   -77 
  -129 
  -240 
  -407 
  -435 
  -479 
  -441 
  -458 
  -559 
  -564 
  -535 
  -419 
  -206 
  -110 
  -123 
  -210 
  -326 
  -473 
  -576 
  -652 
  -727 
  -746 
  -794 
  -849 
  -906 
  -892 
  -835 
  -772 
  -735 
  -696 
  -696 
  -748 
  -745 
  -785 
  -914 
  -964 
  -933 
  -781 
  -661 
  -443 
  -180 
  -220 
  -344 
  -491 
  -634 
  -621 
  -610 
  -613 
  -410 
  -286 
  -208 
  -136 
   -80 
  -100 
   -50 
    33 
    60 
   113 
   208 
   271 
   326 
   251 
   136 
   128 
   226 
   378 
   488 
   538 
   526 
   386 
   268 
   154 
   -24 
   -41 
    29 
    72 
    99 
   147 
   235 
   273 
   299 
   374 
   421 
   479 
   454 
   357 
   266 
   178 
    66 
   -60 
   -67 
    29 
    82 
   146 
   243 
   228 
   153 
    86 
   134 
   150 
    51 
    98 
   134 
   246 
   407 
   530 
   482 
   424 
   400 
   327 
   257 
   318 
   388 
   342 
   255 
   206 
    41 
  -152 
  -228 
  -276 
  -280 
  -221 
  -128 
  -145 
  -220 
  -222 
  -230 
  -316 
  -448 
  -573 
  -671 
  -726 
  -686 
  -539 
  -363 
  -303 
  -315 
  -281 
  -237 
  -136 
   -83 
  -183 
  -234 
  -247 
  -331 
  -423 
  -478 
  -445 
  -463 
  -529 
  -552 
  -568 
  -567 
  -548 
  -462 
  -500 
  -615 
  -628 
  -519 
  -445 
  -354 
  -216 
  -194 
  -280 
  -403 
  -386 
  -270 
  -174 
  -221 
  -289 
  -156 
   -36 
    32 
    -2 
  -194 
  -345 
  -381 
  -343 
  -262 
  -241 
  -285 
  -222 
  -152 
  -127 
  -203 
  -332 
  -387 
  -381 
  -258 
   -47 
   133 
   252 
   325 
   279 
   162 
   210 
   255 
   238 
   326 
   355 
   379 
   483 
   446 
   276 
   -59 
  -416 
  -595 
  -511 
  -238 
   -92 
  -103 
   -67 
   -53 
   -63 
    72 
   194 
   285 
   299 
   277 
   270 
   119 
   -48 
   -31 
    32 
    70 
    49 
    22 
     5 
    21 
    61 
    37 
   -72 
  -265 
  -464 
  -431 
  -326 
  -187 
  -143 
  -294 
  -490 
  -426 
  -323 
  -336 
  -423 
  -485 
  -508 
  -493 
  -424 
  -418 
  -436 
  -256 
  -161 
   -72 
   -65 
   -45 
    -5 
     6 
   -97 
  -311 
  -411 
  -468 
  -530 
  -491 
  -426 
  -408 
  -507 
  -634 
  -741 
  -686 
  -582 
  -663 
  -576 
  -598 
  -667 
  -484 
   -30 
   156 
   193 
   242 
   329 
   545 
   770 
   810 
   657 
   427 
   173 
   -45 
   -58 
   196 
   496 
   645 
   695 
   574 
   360 
    47 
  -300 
  -357 
  -319 
  -196 
  -104 
  -103 
  -222 
  -414 
  -544 
  -610 
  -635 
  -590 
  -425 
  -200 
   -20 
   -52 
  -219 
  -435 
  -648 
  -621 
  -451 
   -82 
   233 
   418 
   465 
   360 
   275 
   265 
   233 
   234 
   358 
   528 
   582 
   482 
   443 
   405 
   398 
   423 
   347 
   419 
   539 
   672 
   817 
   778 
   610 
   426 
   371 
   588 
   865 
  1061 
  1064 
   845 
   524 
   100 
  -342 
  -633 
  -736 
  -650 
  -498 
  -427 
  -492 
  -608 
  -469 
  -179 
    76 
   318 
   463 
   413 
   233 
    44 
  -102 
  -331 
  -515 
  -632 
  -807 
  -864 
  -696 
  -473 
  -373 
  -259 
   -55 
     0 
  -117 
  -246 
  -377 
  -420 
  -352 
  -287 
  -280 
  -329 
  -542 
  -817 
  -937 
  -899 
  -891 
  -924 
  -977 
 -1018 
  -848 
  -671 
  -633 
  -723 
  -870 
  -878 
  -815 
  -670 
  -464 
  -369 
  -349 
  -420 
  -441 
  -356 
  -434 
  -601 
  -702 
  -633 
  -447 
  -266 
  -129 
   -90 
  -133 
  -159 
  -126 
   -10 
    89 
   -23 
  -191 
  -438 
  -543 
  -413 
  -236 
  -112 
  -100 
  -152 
   -91 
   -35 
    58 
   -31 
  -225 
  -335 
  -371 
  -330 
  -291 
  -340 
  -388 
  -440 
  -484 
  -518 
  -558 
  -551 
  -542 
  -497 
  -456 
  -321 
  -225 
  -149 
   -35 
    11 
   -24 
    28 
   100 
   -16 
  -239 
  -246 
    35 
   270 
   185 
    30 
   -35 
    61 
   178 
   166 
   245 
   326 
   386 
   484 
   570 
   667 
   751 
   737 
   637 
   619 
   823 
  1032 
  1088 
   924 
   571 
   250 
   231 
   368 
   518 
   563 
   578 
   558 
   486 
   393 
   268 
   354 
   439 
   317 
    66 
  -143 
  -266 
  -307 
  -354 
  -308 
  -110 
    84 
   243 
   420 
   583 
   589 
   549 
   736 
   988 
  1115 
  1134 
  1053 
  1105 
  1196 
  1140 
  1078 
  1013 
   919 
   837 
   753 
   596 
   388 
   233 
   202 
   228 
   280 
   374 
   449 
   383 
   207 
   229 
   357 
   538 
   603 
   561 
   530 
   507 
   426 
   267 
   209 
   308 
   463 
   578 
   548 
   237 
    -1 
    16 
    98 
   223 
   197 
    94 
  -125 
  -281 
  -278 
  -224 
  -101 
     1 
   108 
   229 
   230 
   198 
   259 
   384 
   568 
   757 
   870 
  1016 
  1075 
  1115 
  1124 
  1013 
   890 
   794 
   776 
   840 
   729 
   658 
   634 
   742 
   904 
   971 
   872 
   589 
   312 
   271 
   236 
   172 
   104 
    70 
   141 
   265 
   325 
   198 
    25 
  -136 
  -251 
  -279 
  -297 
  -345 
  -299 
  -120 
   137 
   387 
   485 
   546 
   496 
   358 
   295 
   262 
   177 
    54 
  -101 
  -205 
  -303 
  -345 
  -247 
   -74 
    92 
   210 
   286 
   413 
   246 
    18 
  -175 
  -324 
  -317 
  -287 
  -270 
  -289 
  -324 
  -380 
  -476 
  -401 
  -187 
   111 
   384 
   448 
   266 
    78 
  -159 
  -365 
  -499 
  -509 
  -421 
  -394 
  -320 
  -247 
  -222 
  -239 
  -362 
  -553 
  -694 
  -801 
  -861 
  -964 
 -1094 
 -1090 
 -1037 
  -909 
  -726 
  -575 
  -479 
  -459 
  -451 
  -451 
  -486 
  -409 
  -383 
  -359 
  -256 
  -117 
    63 
   132 
    67 
    20 
    23 
   -32 
  -250 
  -444 
  -494 
  -404 
  -220 
     5 
   214 
   354 
   305 
   136 
    -3 
   -31 
    76 
    93 
    97 
   176 
   283 
   478 
   510 
   286 
    22 
  -132 
  -257 
  -247 
   -42 
   317 
   534 
   665 
   671 
   527 
   399 
   262 
   -20 
  -326 
  -596 
  -758 
  -785 
  -695 
  -505 
  -387 
  -322 
  -340 
  -553 
  -851 
 -1193 
 -1600 
 -1914 
 -2016 
 -1927 
 -1714 
 -1507 
 -1275 
 -1006 
  -981 
 -1235 
 -1503 
 -1521 
 -1426 
 -1229 
  -927 
  -555 
  -290 
  -171 
  -190 
  -477 
  -895 
 -1078 
  -793 
  -122 
   541 
   984 
  1153 
  1151 
   948 
   599 
   263 
   198 
   249 
   385 
   532 
   553 
   535 
   366 
   -41 
  -598 
 -1241 
 -1874 
 -1824 
 -1238 
  -686 
  -455 
  -416 
  -456 
  -779 
 -1255 
 -1562 
 -1523 
 -1133 
  -541 
    -1 
   201 
    56 
  -352 
  -928 
 -1341 
 -1270 
  -734 
  -132 
   339 
   639 
   631 
   353 
  -204 
  -840 
 -1202 
 -1092 
  -560 
    93 
   538 
   717 
   612 
   303 
  -205 
  -638 
  -812 
  -554 
   -46 
   474 
   697 
   608 
   308 
  -176 
  -430 
  -357 
  -109 
   323 
   885 
  1290 
  1346 
   923 
    72 
  -682 
  -969 
  -796 
  -318 
   239 
   704 
   919 
   838 
   400 
  -255 
  -861 
 -1153 
  -936 
  -327 
   323 
   781 
  1019 
   980 
   626 
   -57 
  -781 
 -1077 
  -911 
  -450 
   154 
   727 
  1058 
  1254 
  1256 
  1167 
  1192 
  1235 
  1314 
  1244 
   993 
   699 
   531 
   621 
   799 
   998 
  1119 
  1159 
  1192 
  1282 
  1197 
   999 
   721 
   426 
   250 
   121 
   165 
   195 
   163 
   104 
   -55 
  -227 
  -492 
  -774 
  -988 
 -1180 
 -1198 
 -1066 
  -894 
  -648 
  -613 
  -842 
 -1192 
 -1548 
 -1848 
 -1959 
 -1957 
 -1895 
 -1748 
 -1518 
 -1299 
 -1066 
  -862 
  -740 
  -555 
  -410 
  -290 
  -204 
  -188 
  -160 
  -137 
   -33 
   185 
   158 
    -6 
    50 
   322 
   488 
   510 
   474 
   331 
    53 
  -132 
  -153 
   -84 
   -23 
   -95 
  -168 
  -175 
  -119 
   -36 
   -57 
  -113 
   -95 
  -100 
  -204 
  -312 
  -439 
  -496 
  -435 
  -382 
  -256 
   -68 
    14 
    13 
   125 
   205 
   142 
    86 
    49 
   -22 
  -117 
  -220 
  -230 
  -203 
  -141 
   -14 
   149 
   361 
   448 
   456 
   497 
   560 
   547 
   384 
   184 
    99 
    11 
   -64 
  -100 
     4 
   208 
   348 
   438 
   428 
   283 
    49 
  -104 
  -216 
  -436 
  -616 
  -535 
  -293 
   -13 
   138 
   144 
    93 
   -10 
  -277 
  -547 
  -726 
  -838 
  -950 
 -1017 
  -913 
  -765 
  -665 
  -644 
  -685 
  -623 
  -571 
  -471 
  -345 
  -305 
  -361 
  -427 
  -521 
  -573 
  -548 
  -513 
  -315 
   -20 
   127 
   140 
   127 
    50 
   -58 
   -57 
   112 
   303 
   439 
   504 
   486 
   511 
   521 
   528 
   505 
   571 
   495 
   402 
   423 
   352 
   254 
   270 
   282 
   208 
    88 
     3 
   -65 
  -201 
  -381 
  -596 
  -691 
  -713 
  -650 
  -499 
  -387 
  -389 
  -424 
  -527 
  -533 
  -487 
  -555 
  -689 
  -842 
  -904 
  -883 
  -843 
  -725 
  -568 
  -424 
  -428 
  -558 
  -635 
  -606 
  -523 
  -355 
  -159 
    24 
    97 
    78 
    89 
    84 
    35 
   -35 
  -114 
   -29 
    24 
   101 
   193 
   210 
   207 
   246 
   304 
   321 
   158 
    27 
     0 
    62 
   119 
   191 
   284 
   329 
   323 
   276 
   237 
   317 
   402 
   371 
   310 
   237 
   239 
   296 
   305 
   301 
   245 
   197 
   192 
   202 
   343 
   448 
   479 
   479 
   362 
   242 
   227 
   300 
   351 
   437 
   539 
   623 
   594 
   504 
   402 
   346 
   457 
   403 
   297 
   175 
    -1 
  -216 
  -305 
  -316 
  -212 
   -84 
   -73 
   -36 
   113 
   105 
    97 
   222 
   313 
   511 
   625 
   496 
   385 
   330 
   248 
   113 
   -98 
  -193 
  -250 
  -227 
  -113 
   -86 
    -8 
   110 
   138 
    67 
   -85 
  -295 
  -421 
  -441 
  -298 
   -81 
   104 
   173 
   152 
    23 
  -173 
  -307 
  -328 
  -428 
  -691 
  -794 
  -664 
  -472 
  -279 
  -153 
   -32 
    47 
   -36 
  -286 
  -402 
  -389 
  -248 
    22 
   261 
   343 
   307 
   218 
   244 
   310 
   357 
   386 
   381 
   402 
   458 
   532 
   617 
   543 
   550 
   579 
   528 
   458 
   431 
   435 
   604 
   751 
   770 
   728 
   673 
   597 
   501 
   408 
   273 
   133 
    64 
    -9 
  -121 
  -232 
  -297 
  -224 
  -116 
   -87 
   -89 
  -216 
  -228 
  -186 
  -194 
  -303 
  -458 
  -491 
  -399 
  -356 
  -312 
  -392 
  -509 
  -460 
  -357 
  -229 
   -49 
   199 
   370 
   476 
   531 
   427 
   154 
   -52 
  -245 
  -388 
  -513 
  -705 
  -977 
 -1433 
 -1912 
 -2231 
 -2331 
 -2226 
 -2021 
 -1765 
 -1508 
 -1407 
 -1357 
 -1446 
 -1623 
 -1734 
 -1726 
 -1636 
 -1457 
 -1187 
  -919 
  -698 
  -528 
  -465 
  -448 
  -432 
